"llecalas2"
0,0,0,1,0,1,2
7
0,0,0,0,0,0,0,0,0,0,0,0,0,0,0,0,0,0,0,0
0,0,0,0,0,0,0,0,0,0,0,0,0,0,0,0,0,0,0,0
0,0,0,0,0,0,0,0,0,0,0,0,0,0,0,0,0,0,0,0
0,0,0,0,0,0,0,0,0,0,0,0,0,0,0,0,0,0,0,0
0,0,0,0,0,0,0,0,0,0,0,0,0,0,0,0,0,0,0,0
0,0,0,0,0,0,0,0,0,0,0,0,0,0,0,0,0,0,0,0
0,0,0,0,0,0,0,0,0,0,0,0,0,0,0,0,0,0,0,0
273.,1.
.00000001,.00000001,.00000001,.00000001,.00000001,.00000001,.00000001
273.,1.
.00000001,.00000001,.00000001,.00000001,.00000001,.00000001,.00000001
273.,1.
.00000001,.00000001,.00000001,.00000001,.00000001,.00000001,.00000001
273.,1.
.00000001,.00000001,.00000001,.00000001,.00000001,.00000001,.00000001
273.,1.
.00000001,.00000001,.00000001,.00000001,.00000001,.00000001,.00000001
0,0