 43
  2
  1
  3
 15
 23
 17
 end
     1.301
     1.224
     0.674
     0.540
     0.901
     0.848
     0.447
     0.228
     1.000
     1.200
     1.676
     1.420
     0.920
     1.400
 end
     0.000
   315.300
   315.300
   315.300
  -151.000
  -256.300
   -66.170
 end
   663.500
     0.000
     0.000
     0.000
   986.500
   232.100
  1318.000
 end
   663.500
     0.000
     0.000
     0.000
   986.500
   232.100
  1318.000
 end
   663.500
     0.000
     0.000
     0.000
   986.500
   232.100
  1318.000
 end
   199.000
   156.400
   156.400
   156.400
     0.000
   101.100
   353.500
 end
   660.200
   114.800
   114.800
   114.800
   245.400
     0.000
   200.800
 end
   -14.090
   300.000
   300.000
   300.000
  -229.100
    72.870
     0.000
 end
 endint
           1
           8
           1
           0
           0
           0
           0
 end
           0
           2
           0
           1
           3
           0
           0
 end
           0
           9
           1
           1
           2
           1
           0
 end
           0
          16
           2
           1
           1
           2
           0
 end
           0
          23
           3
           1
           0
           3
           0
 end
           0
           0
           0
           0
           0
           0
           1
 end
