 15
 17
  1
  2
  4
 end
     1.000
     1.200
     0.920
     1.400
     0.901
     0.848
     0.674
     0.540
     0.220
     0.000
 end
     0.000
   353.500
   156.400
   156.400
   156.400
 end
  -229.100
     0.000
   300.000
   300.000
   300.000
 end
   986.500
  1318.000
     0.000
     0.000
     0.000
 end
   986.500
  1318.000
     0.000
     0.000
     0.000
 end
   986.500
  1318.000
     0.000
     0.000
     0.000
 end
 endint
           2
           0
           0
           0
           0
 end
           0
           1
           0
           0
           0
 end
           0
           0
           1
           5
           1
 end
